$grad
  cycle =      1    SCF energy =   -20.32397851212   |dE/dxyz| =  0.007812
   -2.75237178376284      2.43247309226225     -0.01392519847964      O 
   -0.93157260886974      2.79621404458590     -0.01863384029005      H 
   -3.43820531288547      3.30583608421060      1.42134539425148      H 
   -2.43247309226225     -2.75237178376284      0.01392519847964      O 
   -2.79621404458590     -0.93157260886974      0.01863384029005      H 
   -3.30583608421060     -3.43820531288547     -1.42134539425148      H 
    2.75237178376284     -2.43247309226225     -0.01392519847964      O 
    0.93157260886974     -2.79621404458590     -0.01863384029005      H 
    3.43820531288547     -3.30583608421060      1.42134539425148      H 
    2.43247309226225      2.75237178376284      0.01392519847964      O 
    2.79621404458590      0.93157260886974      0.01863384029005      H 
    3.30583608421060      3.43820531288547     -1.42134539425148      H 
  -1.4490485818070E-03  -9.5621602240233E-04  -9.6397599391659E-04
   1.5598100103183E-03   2.2192123041158E-03   3.0226536770926E-05
  -1.1870533982265E-03   1.0621627807320E-03   1.1904154240162E-03
   9.5621602240262E-04  -1.4490485818070E-03   9.6397599391716E-04
  -2.2192123041157E-03   1.5598100103184E-03  -3.0226536771013E-05
  -1.0621627807323E-03  -1.1870533982267E-03  -1.1904154240168E-03
   1.4490485818068E-03   9.5621602240248E-04  -9.6397599391695E-04
  -1.5598100103181E-03  -2.2192123041157E-03   3.0226536770993E-05
   1.1870533982267E-03  -1.0621627807320E-03   1.1904154240166E-03
  -9.5621602240284E-04   1.4490485818073E-03   9.6397599391663E-04
   2.2192123041160E-03  -1.5598100103186E-03  -3.0226536770972E-05
   1.0621627807321E-03   1.1870533982264E-03  -1.1904154240163E-03
$end
