$grad
  cycle =      1    SCF energy =   -10.15593402142   |dE/dxyz| =  0.024960
   -2.75237178376284      2.43247309226225     -0.01392519847964      O 
   -0.93157260886974      2.79621404458590     -0.01863384029005      H 
   -3.43820531288547      3.30583608421060      1.42134539425148      H 
   -2.43247309226225     -2.75237178376284      0.01392519847964      O 
   -2.79621404458590     -0.93157260886974      0.01863384029005      H 
   -3.30583608421060     -3.43820531288547     -1.42134539425148      H 
  -1.6233866046933E-02  -5.1457991517561E-03  -9.3233378726764E-04
   1.5754459021033E-02   2.5944499088682E-03   6.6971432085119E-04
   6.2388598191724E-05   4.0230925065296E-04   2.7972923641248E-04
   8.4702976430502E-04  -2.6605853108459E-03   8.1858312789838E-04
  -2.3156039383749E-03   7.4717977980365E-03   8.6890061276732E-04
  -3.6224933638929E-04  -1.9407068987177E-03  -1.4711106500553E-03
$end
