$grad
  cycle =      1    SCF energy =   -10.15741828050   |dE/dxyz| =  0.024087
   -2.75237178376284      2.43247309226225     -0.01392519847964      O 
   -0.93157260886974      2.79621404458590     -0.01863384029005      H 
   -3.43820531288547      3.30583608421060      1.42134539425148      H 
   -2.43247309226225     -2.75237178376284      0.01392519847964      O 
   -2.79621404458590     -0.93157260886974      0.01863384029005      H 
   -3.30583608421060     -3.43820531288547     -1.42134539425148      H 
  -1.6107833825140E-02  -4.6701853699188E-03  -9.3639710338805E-04
   1.5373889874961E-02   2.0988565193178E-03   6.3181307618916E-04
  -4.8024851642901E-05   3.5361161816321E-04   3.1395407547024E-04
  -6.4524045186072E-04  -1.4040393115875E-03   7.5287192731175E-04
  -1.9945977490146E-03   6.5356058158376E-03   8.7104474254039E-04
   1.7838336071011E-04  -2.1469486069003E-03  -1.2609488639767E-03
$end
